B1: (237, 234, 229)
B2: (236, 229, 201)
B3: (242, 231, 176)
B4: (236, 224, 114)
B5: (214, 208, 97)
B6: (165, 184, 81)
D1: (219, 219, 219)
D2: (211, 210, 201)
D3: (197, 181, 137)
D4: (179, 147, 80)
D5: (125, 88, 41)
D6: (95, 59, 39)
E1: (223, 222, 218)
E2: (220, 215, 187)
E3: (211, 199, 132)
E4: (208, 188, 86)
E5: (179, 161, 65)
E6: (154, 142, 64)
C1: (240, 235, 232)
C2: (229, 217, 217)
C3: (214, 188, 170)
C4: (188, 135, 114)
C5: (152, 83, 76)
C6: (95, 48, 51)
Black: (0, 0, 0)
White: (255, 255, 255)